1.
{'ACWorthTrend': '[[1482336000000,1.0],[1482422400000,0.998],[1482681600000,1.0],[1482768000000,1.0],[1482854400000,1.0],[1482940800000,0.998],[1483027200000,0.998],[1483113600000,0.998],[1483372800000,0.995],[1483459200000,0.996],[1483545600000,0.996],[1483632000000,0.996],[1483891200000,0.996],[1483977600000,0.994],[1484064000000,0.992],[1484150400000,0.991],[1484236800000,0.99],[1484496000000,0.988],[1484582400000,0.989],[1484668800000,0.99],[1484755200000,0.989],[1484841600000,0.99],[1485100800000,0.992],[1485187200000,0.992],[1485273600000,0.991],[1485360000000,0.997],[1486051200000,0.992],[1486310400000,0.993],[1486396800000,0.996],[1486483200000,0.997],[1486569600000,0.999],[1486656000000,1.002],[1486915200000,1.006],[1487001600000,1.011],[1487088000000,1.004],[1487174400000,1.005],[1487260800000,0.998],[1487520000000,1.005],[1487606400000,1.006],[1487692800000,1.01],[1487779200000,1.002],[1487865600000,0.999],[1488124800000,0.999],[1488211200000,0.998],[1488297600000,0.997],[1488384000000,0.993],[1488470400000,0.988],[1488729600000,0.99],[1488816000000,0.987],[1488902400000,0.987],[1488988800000,0.986],[1489075200000,0.986],[1489334400000,0.993],[1489420800000,0.994],[1489507200000,0.998],[1489593600000,1.005],[1489680000000,0.994],[1489939200000,0.993],[1490025600000,0.993],[1490112000000,0.993],[1490198400000,0.998],[1490284800000,1.002],[1490544000000,0.995],[1490630400000,0.995],[1490716800000,1.0],[1490803200000,0.982],[1490889600000,0.979],[1491321600000,0.999],[1491408000000,1.01],[1491494400000,1.01],[1491753600000,1.016],[1491840000000,1.032],[1491926400000,1.032],[1492012800000,1.03],[1492099200000,1.01],[1492358400000,0.999],[1492444800000,0.997],[1492531200000,0.993],[1492617600000,1.0],[1492704000000,0.993],[1492963200000,0.973],[1493049600000,0.981],[1493136000000,0.986],[1493222400000,0.984],[1493308800000,0.981],[1493654400000,0.977],[1493740800000,0.979],[1493827200000,0.98],[1493913600000,0.975],[1494172800000,0.958],[1494259200000,0.963],[1494345600000,0.965],[1494432000000,0.968],[1494518400000,0.969],[1494777600000,0.972],[1494864000000,0.987],[1494950400000,0.98],[1495036800000,0.977],[1495123200000,0.98],[1495382400000,0.98],[1495468800000,0.984],[1495555200000,0.982],[1495641600000,0.984],[1495728000000,0.978],[1496160000000,0.987],[1496246400000,0.989],[1496332800000,0.988],[1496592000000,0.991],[1496678400000,1.013],[1496764800000,1.038],[1496851200000,1.052],[1496937600000,1.056],[1497196800000,1.05],[1497283200000,1.057],[1497369600000,1.036],[1497456000000,1.035],[1497542400000,1.039],[1497801600000,1.05],[1497888000000,1.053],[1497974400000,1.077],[1498060800000,1.066],[1498147200000,1.083],[1498406400000,1.099],[1498492800000,1.097],[1498579200000,1.078],[1498665600000,1.083],[1498752000000,1.085],[1499011200000,1.068],[1499097600000,1.055],[1499184000000,1.074],[1499270400000,1.072],[1499356800000,1.071],[1499616000000,1.066],[1499702400000,1.079],[1499788800000,1.077],[1499875200000,1.071],[1499961600000,1.077],[1500220800000,1.057],[1500307200000,1.054],[1500393600000,1.073],[1500480000000,1.087],[1500566400000,1.08],[1500825600000,1.088],[1500912000000,1.075],[1500998400000,1.056],[1501084800000,1.057],[1501171200000,1.066],[1501430400000,1.061],[1501516800000,1.06],[1501603200000,1.053],[1501689600000,1.043],[1501776000000,1.039],[1502035200000,1.044],[1502121600000,1.042],[1502208000000,1.05],[1502294400000,1.048],[1502380800000,1.027],[1502640000000,1.045],[1502726400000,1.048],[1502812800000,1.044],[1502899200000,1.043],[1502985600000,1.044],[1503244800000,1.047],[1503331200000,1.04],[1503417600000,1.041],[1503504000000,1.032],[1503590400000,1.054],[1503849600000,1.076],[1503936000000,1.074],[1504022400000,1.073],[1504108800000,1.068],[1504195200000,1.075],[1504454400000,1.082],[1504540800000,1.093],[1504627200000,1.106],[1504713600000,1.11],[1504800000000,1.103],[1505059200000,1.11],[1505145600000,1.107],[1505232000000,1.105],[1505318400000,1.115],[1505404800000,1.11],[1505664000000,1.115],[1505750400000,1.105],[1505836800000,1.107],[1505923200000,1.1],[1506009600000,1.098],[1506268800000,1.073],[1506355200000,1.073],[1506441600000,1.076],[1506528000000,1.068],[1506614400000,1.078],[1507478400000,1.089],[1507564800000,1.096],[1507651200000,1.086],[1507737600000,1.085],[1507824000000,1.087],[1508083200000,1.067],[1508169600000,1.06],[1508256000000,1.054],[1508342400000,1.042],[1508428800000,1.054],[1508688000000,1.055],[1508774400000,1.063],[1508860800000,1.07],[1508947200000,1.063],[1509033600000,1.064],[1509292800000,1.055],[1509379200000,1.062],[1509465600000,1.068],[1509552000000,1.07],[1509638400000,1.058],[1509897600000,1.08],[1509984000000,1.086],[1510070400000,1.077],[1510156800000,1.102],[1510243200000,1.129]]',
 'assetAllocation': '[{"name":"股票占净比","type":null,"data":[69.53,94.69,90.77],"yAxis":0},{"name":"债券占净比","type":null,"data":[0,0,0],"yAxis":0},{"name":"现金占净比","type":null,"data":[10.47,6.2,9.29],"yAxis":0},{"name":"净资产","type":"line","data":[0.1963839512,0.235459175,0.2242057718],"yAxis":1}]',
 'assetsScale': '0.22亿元（截止至：2017年09月30日）',
 'currentFundManager': '[{"id":"30469080","pic":"https://pdf.dfcfw.com/pdf/H8_JPG30469080_1.jpg","name":"唐雷","star":2,"workTime":"1年又133天","fundSize":"2.32亿(3只基金)","power":{"avr":"29.02","categories":["经验值","收益率","抗风险","稳定性","择时能力"],"dsc":["反映基金经理从业年限和管理基金的经验","根据基金经理投资的阶段收益评分，反映\\u003cbr\\u003e基金经理投资的盈利能力","反映基金经理投资的回撤控制能力","反映基金经理投资收益的波动","反映基金经理根据对市场的判断，通过\\u003cbr\\u003e调整仓位及配置而跑赢业绩的基准能力"],"data":[24.30,16.50,39.70,79.80,10.30],"jzrq":"2017-11-10"},"profit":{"categories":["任期收益","同类平均","沪深300"],"series":[{"data":[{"name":null,"color":"#7cb5ec","y":12.9},{"name":null,"color":"#414c7b","y":13.5},{"name":null,"color":"#f7a35c","y":23.27}]}],"jzrq":"2017-11-10"}}] ',
 'custodianRate': '0.25%（每年）',
 'dailyGrowthRate': '2.4501',
 'establishmentDate': '2016年12月22日 / 0.101亿份',
 'fundAdministrator': '金信基金',
 'fundCode': '002863',
 'fundCustodian': '招商银行',
 'fundDate': '2017-11-10',
 'fundFullname': '金信深圳成长灵活配置混合型发起式证券投资基金',
 'fundName': '金信深圳成长混合发起式',
 'fundPinyin': 'JXSZCZHHFQS',
 'fundType': '混合型',
 'grandTotal': '[{"name":"金信深圳成长混合发起式","data":[[1494345600000,0],[1494432000000,0.31],[1494518400000,0.41],[1494777600000,0.73],[1494864000000,2.28],[1494950400000,1.55],[1495036800000,1.24],[1495123200000,1.55],[1495382400000,1.55],[1495468800000,1.97],[1495555200000,1.76],[1495641600000,1.97],[1495728000000,1.35],[1496160000000,2.28],[1496246400000,2.49],[1496332800000,2.38],[1496592000000,2.69],[1496678400000,4.97],[1496764800000,7.56],[1496851200000,9.02],[1496937600000,9.43],[1497196800000,8.81],[1497283200000,9.53],[1497369600000,7.36],[1497456000000,7.25],[1497542400000,7.67],[1497801600000,8.81],[1497888000000,9.12],[1497974400000,11.61],[1498060800000,10.47],[1498147200000,12.23],[1498406400000,13.89],[1498492800000,13.68],[1498579200000,11.71],[1498665600000,12.23],[1498752000000,12.44],[1499011200000,10.67],[1499097600000,9.33],[1499184000000,11.30],[1499270400000,11.09],[1499356800000,10.98],[1499616000000,10.47],[1499702400000,11.81],[1499788800000,11.61],[1499875200000,10.98],[1499961600000,11.61],[1500220800000,9.53],[1500307200000,9.22],[1500393600000,11.19],[1500480000000,12.64],[1500566400000,11.92],[1500825600000,12.75],[1500912000000,11.40],[1500998400000,9.43],[1501084800000,9.53],[1501171200000,10.47],[1501430400000,9.95],[1501516800000,9.84],[1501603200000,9.12],[1501689600000,8.08],[1501776000000,7.67],[1502035200000,8.19],[1502121600000,7.98],[1502208000000,8.81],[1502294400000,8.60],[1502380800000,6.42],[1502640000000,8.29],[1502726400000,8.60],[1502812800000,8.19],[1502899200000,8.08],[1502985600000,8.19],[1503244800000,8.50],[1503331200000,7.77],[1503417600000,7.88],[1503504000000,6.94],[1503590400000,9.22],[1503849600000,11.50],[1503936000000,11.30],[1504022400000,11.19],[1504108800000,10.67],[1504195200000,11.40],[1504454400000,12.12],[1504540800000,13.26],[1504627200000,14.61],[1504713600000,15.03],[1504800000000,14.30],[1505059200000,15.03],[1505145600000,14.72],[1505232000000,14.51],[1505318400000,15.54],[1505404800000,15.03],[1505664000000,15.54],[1505750400000,14.51],[1505836800000,14.72],[1505923200000,13.99],[1506009600000,13.78],[1506268800000,11.19],[1506355200000,11.19],[1506441600000,11.50],[1506528000000,10.67],[1506614400000,11.71],[1507478400000,12.85],[1507564800000,13.58],[1507651200000,12.54],[1507737600000,12.44],[1507824000000,12.64],[1508083200000,10.57],[1508169600000,9.84],[1508256000000,9.22],[1508342400000,7.98],[1508428800000,9.22],[1508688000000,9.33],[1508774400000,10.16],[1508860800000,10.88],[1508947200000,10.16],[1509033600000,10.26],[1509292800000,9.33],[1509379200000,10.05],[1509465600000,10.67],[1509552000000,10.88],[1509638400000,9.64],[1509897600000,11.92],[1509984000000,12.54],[1510070400000,11.61],[1510156800000,14.20],[1510243200000,16.99]]},{"name":"同类平均","data":[[1494345600000,0],[1494432000000,0.22],[1494518400000,0.32],[1494777600000,0.65],[1494864000000,1.56],[1494950400000,1.41],[1495036800000,1.14],[1495123200000,1.05],[1495382400000,0.76],[1495468800000,0.27],[1495555200000,0.35],[1495641600000,0.69],[1495728000000,0.59],[1496160000000,0.59],[1496246400000,0.16],[1496332800000,0.28],[1496592000000,0.46],[1496678400000,0.83],[1496764800000,1.79],[1496851200000,2.11],[1496937600000,2.32],[1497196800000,2.06],[1497283200000,2.47],[1497369600000,2.04],[1497456000000,2.24],[1497542400000,2.17],[1497801600000,2.65],[1497888000000,2.68],[1497974400000,3.18],[1498060800000,2.73],[1498147200000,3.14],[1498406400000,3.95],[1498492800000,4.09],[1498579200000,3.62],[1498665600000,3.96],[1498752000000,4.13],[1499011200000,4.10],[1499097600000,3.75],[1499184000000,4.38],[1499270400000,4.47],[1499356800000,4.50],[1499616000000,4.27],[1499702400000,4.14],[1499788800000,4.12],[1499875200000,4.22],[1499961600000,4.30],[1500220800000,3.03],[1500307200000,3.21],[1500393600000,4.16],[1500480000000,4.52],[1500566400000,4.52],[1500825600000,4.71],[1500912000000,4.47],[1500998400000,4.31],[1501084800000,4.53],[1501171200000,4.87],[1501430400000,5.31],[1501516800000,5.46],[1501603200000,5.20],[1501689600000,4.91],[1501776000000,4.54],[1502035200000,5.09],[1502121600000,5.16],[1502208000000,5.55],[1502294400000,5.29],[1502380800000,4.28],[1502640000000,5.33],[1502726400000,5.55],[1502812800000,5.57],[1502899200000,5.76],[1502985600000,5.60],[1503244800000,5.95],[1503331200000,5.89],[1503417600000,5.71],[1503504000000,5.37],[1503590400000,6.06],[1503849600000,6.73],[1503936000000,6.68],[1504022400000,6.96],[1504108800000,7.00],[1504195200000,7.38],[1504454400000,7.70],[1504540800000,7.86],[1504627200000,7.94],[1504713600000,7.57],[1504800000000,7.59],[1505059200000,8.04],[1505145600000,8.04],[1505232000000,8.31],[1505318400000,8.12],[1505404800000,7.89],[1505664000000,8.32],[1505750400000,8.02],[1505836800000,8.39],[1505923200000,8.03],[1506009600000,7.98],[1506268800000,7.56],[1506355200000,7.62],[1506441600000,8.02],[1506528000000,8.15],[1506614400000,8.51],[1507478400000,9.22],[1507564800000,9.35],[1507651200000,9.43],[1507737600000,9.51],[1507824000000,9.85],[1508083200000,9.46],[1508169600000,9.49],[1508256000000,9.74],[1508342400000,9.50],[1508428800000,9.66],[1508688000000,10.06],[1508774400000,10.25],[1508860800000,10.68],[1508947200000,10.88],[1509033600000,11.05],[1509292800000,10.62],[1509379200000,10.81],[1509465600000,10.69],[1509552000000,10.40],[1509638400000,10.17],[1509897600000,11.07],[1509984000000,11.43],[1510070400000,11.33],[1510156800000,11.93],[1510243200000,12.70]]},{"name":"沪深300","data":[[1494345600000,0],[1494432000000,0.57],[1494518400000,1.43],[1494777600000,1.84],[1494864000000,2.72],[1494950400000,2.17],[1495036800000,1.81],[1495123200000,1.98],[1495382400000,2.20],[1495468800000,2.59],[1495555200000,2.59],[1495641600000,4.43],[1495728000000,4.28],[1496160000000,4.65],[1496246400000,4.79],[1496332800000,4.46],[1496592000000,3.93],[1496678400000,4.65],[1496764800000,5.88],[1496851200000,6.69],[1496937600000,7.14],[1497196800000,7.09],[1497283200000,7.33],[1497369600000,5.92],[1497456000000,5.73],[1497542400000,5.42],[1497801600000,6.47],[1497888000000,6.26],[1497974400000,7.50],[1498060800000,7.57],[1498147200000,8.54],[1498406400000,9.90],[1498492800000,10.10],[1498579200000,9.24],[1498665600000,9.92],[1498752000000,9.86],[1499011200000,9.38],[1499097600000,8.46],[1499184000000,9.65],[1499270400000,9.66],[1499356800000,9.53],[1499616000000,9.47],[1499702400000,9.98],[1499788800000,9.62],[1499875200000,10.46],[1499961600000,10.95],[1500220800000,9.76],[1500307200000,9.87],[1500393600000,11.75],[1500480000000,12.29],[1500566400000,11.71],[1500825600000,12.16],[1500912000000,11.44],[1500998400000,11.02],[1501084800000,11.22],[1501171200000,11.51],[1501430400000,11.99],[1501516800000,12.96],[1501603200000,12.68],[1501689600000,11.69],[1501776000000,11.08],[1502035200000,11.66],[1502121600000,11.82],[1502208000000,11.78],[1502294400000,11.33],[1502380800000,9.28],[1502640000000,10.70],[1502726400000,11.04],[1502812800000,10.90],[1502899200000,11.49],[1502985600000,11.59],[1503244800000,12.08],[1503331200000,12.42],[1503417600000,12.54],[1503504000000,11.89],[1503590400000,13.72],[1503849600000,15.13],[1503936000000,14.89],[1504022400000,14.88],[1504108800000,14.51],[1504195200000,14.77],[1504454400000,15.22],[1504540800000,15.56],[1504627200000,15.33],[1504713600000,14.75],[1504800000000,14.63],[1505059200000,14.62],[1505145600000,14.99],[1505232000000,15.13],[1505318400000,14.75],[1505404800000,14.79],[1505664000000,15.14],[1505750400000,14.81],[1505836800000,15.12],[1505923200000,14.98],[1506009600000,14.98],[1506268800000,14.38],[1506355200000,14.47],[1506441600000,14.49],[1506528000000,14.53],[1506614400000,14.94],[1507478400000,16.31],[1507564800000,16.54],[1507651200000,16.93],[1507737600000,17.24],[1507824000000,17.48],[1508083200000,17.25],[1508169600000,17.24],[1508256000000,18.17],[1508342400000,17.78],[1508428800000,17.65],[1508688000000,17.77],[1508774400000,18.63],[1508860800000,19.15],[1508947200000,19.65],[1509033600000,20.50],[1509292800000,20.13],[1509379200000,20.04],[1509465600000,19.74],[1509552000000,19.76],[1509638400000,19.62],[1509897600000,20.47],[1509984000000,21.47],[1510070400000,21.28],[1510156800000,22.12],[1510243200000,23.20]]}]',
 'issueDate': '2016年11月25日',
 'nearly1monthsRate': '3.0109',
 'nearly1weeksRate': '6.7108',
 'nearly1yearsRate': '',
 'nearly2yearsRate': '',
 'nearly3monthsRate': '7.7290',
 'nearly3yearsRate': '',
 'nearly6monthsRate': '16.9948',
 'operationRate': '1.50%（每年）',
 'proceduresFee': '0.15%',
 'riskRank': '本基金是混合型证券投资基金,预期风险和预期收益高于债券型基金和货币市场基金,但低于股票型基金,属于证券投资基金中的中高风险和中高预期收益产品。',
 'shareScale': '0.2081亿份',
 'sinceEstablishedRate': '12.90',
 'thisYearRate': '13.1263',
 'totalValue': '1.1290',
 'unitValue': '1.1290'},


mysqld --defaults-file="C:\ProgramData\MySQL\MySQL Server 5.7\my.ini" --console --skip-grant-tables